	date_time	sensor_id	date_time_conv
0	3672216000	b'nan'	2016-05-14 12:00:00
